1141 -1 SUP: 152
1215 -1 SUP: 154
125 -1 SUP: 122
1290 -1 SUP: 164
137 -1 SUP: 178
1393 -1 SUP: 106
1426 -1 SUP: 106
1457 -1 SUP: 101
1503 -1 SUP: 101
1566 -1 SUP: 153
1641 -1 SUP: 112
1667 -1 SUP: 149
1779 -1 SUP: 102
1807 -1 SUP: 154
1946 -1 SUP: 110
1964 -1 SUP: 153
1986 -1 SUP: 143
2023 -1 SUP: 139
2114 -1 SUP: 101
2227 -1 SUP: 182
2240 -1 SUP: 158
2380 -1 SUP: 185
2438 -1 SUP: 126
2499 -1 SUP: 100
26 -1 SUP: 108
2625 -1 SUP: 126
2652 -1 SUP: 124
2685 -1 SUP: 157
2695 -1 SUP: 153
2701 -1 SUP: 231
2722 -1 SUP: 102
2752 -1 SUP: 174
2786 -1 SUP: 102
3210 -1 SUP: 103
3308 -1 SUP: 105
3403 -1 SUP: 125
3488 -1 SUP: 133
3569 -1 SUP: 137
360 -1 SUP: 240
3704 -1 SUP: 132
3712 -1 SUP: 149
3753 -1 SUP: 141
3759 -1 SUP: 133
3770 -1 SUP: 163
3816 -1 SUP: 176
3923 -1 SUP: 283
411 -1 SUP: 227
419 -1 SUP: 169
4196 -1 SUP: 120
42 -1 SUP: 131
4208 -1 SUP: 100
4444 -1 SUP: 186
4552 -1 SUP: 127
4634 -1 SUP: 173
4683 -1 SUP: 110
4776 -1 SUP: 135
4786 -1 SUP: 114
4811 -1 SUP: 172
4830 -1 SUP: 163
4851 -1 SUP: 101
4991 -1 SUP: 171
5069 -1 SUP: 171
5092 -1 SUP: 102
5132 -1 SUP: 154
515 -1 SUP: 114
5343 -1 SUP: 104
5352 -1 SUP: 122
5419 -1 SUP: 143
5447 -1 SUP: 153
5493 -1 SUP: 180
5517 -1 SUP: 152
552 -1 SUP: 147
5591 -1 SUP: 127
5663 -1 SUP: 162
5804 -1 SUP: 100
5957 -1 SUP: 109
5983 -1 SUP: 104
6212 -1 SUP: 133
6312 -1 SUP: 155
6337 -1 SUP: 114
6431 -1 SUP: 109
6439 -1 SUP: 107
6533 -1 SUP: 119
6549 -1 SUP: 118
6568 -1 SUP: 137
659 -1 SUP: 102
6818 -1 SUP: 122
6842 -1 SUP: 103
7029 -1 SUP: 139
7088 -1 SUP: 226
7125 -1 SUP: 310
7160 -1 SUP: 110
72 -1 SUP: 112
7248 -1 SUP: 118
7562 -1 SUP: 102
7728 -1 SUP: 100
7775 -1 SUP: 147
7931 -1 SUP: 149
800 -1 SUP: 159
8029 -1 SUP: 109
8042 -1 SUP: 117
8117 -1 SUP: 175
8119 -1 SUP: 220
8208 -1 SUP: 125
8262 -1 SUP: 206
8412 -1 SUP: 131
8480 -1 SUP: 118
8581 -1 SUP: 115
8617 -1 SUP: 195
8801 -1 SUP: 113
8889 -1 SUP: 102
8897 -1 SUP: 110
8969 -1 SUP: 117
8974 -1 SUP: 205
9061 -1 SUP: 104
9087 -1 SUP: 118
9114 -1 SUP: 130
9126 -1 SUP: 226
9174 -1 SUP: 133
928 -1 SUP: 105
9285 -1 SUP: 115
9348 -1 SUP: 109
9381 -1 SUP: 115
9402 -1 SUP: 100
9406 -1 SUP: 157
9529 -1 SUP: 107
9682 -1 SUP: 103
9804 -1 SUP: 190
9908 -1 SUP: 133
9939 -1 SUP: 145
9804 -1 9804 -1 SUP: 57
9406 1215 -1 SUP: 115
9174 -1 9174 -1 SUP: 80
7088 -1 9126 -1 SUP: 135
7088 9126 -1 SUP: 226
9126 -1 9126 -1 SUP: 138
9126 -1 9126 -1 9126 -1 SUP: 64
9126 -1 7088 -1 9126 -1 SUP: 62
7088 9126 -1 9126 -1 SUP: 135
7088 -1 9126 -1 9126 -1 SUP: 64
7088 9126 -1 9126 -1 9126 -1 SUP: 64
9126 -1 7088 9126 -1 9126 -1 SUP: 64
7088 -1 7088 9126 -1 9126 -1 SUP: 64
7088 9126 -1 7088 9126 -1 9126 -1 SUP: 64
7088 -1 7088 -1 9126 -1 SUP: 62
7088 9126 -1 7088 -1 9126 -1 SUP: 62
9126 -1 7088 9126 -1 SUP: 148
7088 -1 7088 9126 -1 SUP: 145
9126 -1 9126 -1 7088 9126 -1 SUP: 73
9126 -1 7088 -1 7088 9126 -1 SUP: 71
7088 9126 -1 7088 9126 -1 SUP: 145
7088 -1 9126 -1 7088 9126 -1 SUP: 73
7088 9126 -1 9126 -1 7088 9126 -1 SUP: 73
9126 -1 7088 9126 -1 7088 9126 -1 SUP: 74
7088 -1 7088 9126 -1 7088 9126 -1 SUP: 74
7088 9126 -1 7088 9126 -1 7088 9126 -1 SUP: 74
7088 -1 7088 -1 7088 9126 -1 SUP: 71
7088 9126 -1 7088 -1 7088 9126 -1 SUP: 71
9114 -1 9114 -1 SUP: 74
8974 -1 8974 -1 SUP: 128
8974 -1 8974 -1 8974 -1 SUP: 76
2652 -1 8969 -1 SUP: 81
8969 2652 -1 SUP: 116
8617 -1 8617 -1 SUP: 62
8480 -1 8480 -1 SUP: 89
6439 8262 -1 SUP: 107
8262 -1 8262 -1 SUP: 76
7775 8208 -1 SUP: 107
8119 -1 8119 -1 SUP: 113
8119 -1 8119 -1 8119 -1 SUP: 60
8117 -1 8117 -1 SUP: 100
8117 -1 8117 -1 8117 -1 SUP: 63
800 -1 800 -1 SUP: 87
7931 3308 -1 SUP: 103
5343 7931 -1 SUP: 104
5343 7931 3308 -1 SUP: 103
7775 -1 7775 -1 SUP: 91
6549 7160 -1 SUP: 110
2240 -1 7125 -1 SUP: 74
7125 2240 -1 SUP: 146
7125 -1 7125 -1 SUP: 144
7125 -1 7125 -1 7125 -1 SUP: 69
7125 2240 -1 7125 -1 SUP: 72
7125 -1 7125 2240 -1 SUP: 75
2240 -1 7125 2240 -1 SUP: 76
7125 2240 -1 7125 2240 -1 SUP: 74
7088 -1 7088 -1 SUP: 134
9126 -1 7088 -1 SUP: 137
9126 -1 9126 -1 7088 -1 SUP: 64
9126 -1 7088 -1 7088 -1 SUP: 62
7088 9126 -1 7088 -1 SUP: 134
7088 -1 9126 -1 7088 -1 SUP: 64
7088 9126 -1 9126 -1 7088 -1 SUP: 64
9126 -1 7088 9126 -1 7088 -1 SUP: 64
7088 -1 7088 9126 -1 7088 -1 SUP: 64
7088 9126 -1 7088 9126 -1 7088 -1 SUP: 64
7088 -1 7088 -1 7088 -1 SUP: 62
7088 9126 -1 7088 -1 7088 -1 SUP: 62
7029 -1 7029 -1 SUP: 87
6568 3704 -1 SUP: 103
6312 1807 -1 SUP: 152
5663 -1 5663 -1 SUP: 85
5591 -1 5591 -1 SUP: 72
4811 -1 552 -1 SUP: 82
4811 552 -1 SUP: 123
552 -1 552 -1 SUP: 89
4811 552 -1 552 -1 SUP: 82
552 -1 4811 552 -1 SUP: 87
4811 -1 4811 552 -1 SUP: 85
4811 552 -1 4811 552 -1 SUP: 85
5517 -1 5517 -1 SUP: 98
5447 -1 5493 -1 SUP: 84
5447 5493 -1 SUP: 153
5493 -1 5493 -1 SUP: 102
5447 5493 -1 5493 -1 SUP: 83
5493 -1 5447 5493 -1 SUP: 90
5447 -1 5447 5493 -1 SUP: 91
5447 5493 -1 5447 5493 -1 SUP: 90
5447 -1 5447 -1 SUP: 84
5493 -1 5447 -1 SUP: 83
5447 5493 -1 5447 -1 SUP: 83
5419 -1 5419 -1 SUP: 60
5343 3308 -1 SUP: 103
1393 5092 -1 SUP: 101
5069 -1 5069 -1 SUP: 91
4830 -1 4830 -1 SUP: 75
4811 -1 4811 -1 SUP: 95
552 -1 4811 -1 SUP: 84
4811 552 -1 4811 -1 SUP: 82
4683 1946 -1 SUP: 109
4634 -1 4634 -1 SUP: 82
4444 -1 4444 -1 SUP: 86
4830 -1 4196 -1 SUP: 104
419 -1 419 -1 SUP: 64
411 -1 411 -1 SUP: 96
411 -1 411 -1 411 -1 SUP: 39
3923 -1 3923 -1 SUP: 105
3816 -1 3816 -1 SUP: 84
3759 -1 3759 -1 SUP: 75
3753 -1 3753 -1 SUP: 71
360 -1 360 -1 SUP: 96
1566 -1 3488 -1 SUP: 70
1566 3488 -1 SUP: 126
3488 -1 3488 -1 SUP: 73
1566 3488 -1 3488 -1 SUP: 70
3488 -1 1566 3488 -1 SUP: 77
2752 -1 2752 -1 SUP: 121
2752 -1 2752 -1 2752 -1 SUP: 89
1503 2722 -1 SUP: 101
2701 -1 2701 -1 SUP: 142
2701 -1 2701 -1 2701 -1 SUP: 85
2652 -1 2652 -1 SUP: 81
8969 -1 2652 -1 SUP: 80
8969 2652 -1 2652 -1 SUP: 79
2240 -1 2240 -1 SUP: 71
7125 -1 2240 -1 SUP: 70
7125 2240 -1 2240 -1 SUP: 69
2227 -1 2227 -1 SUP: 54
2023 -1 2023 -1 SUP: 72
1986 -1 1986 -1 SUP: 66
1964 -1 1964 -1 SUP: 88
1667 -1 1667 -1 SUP: 92
1566 -1 1566 -1 SUP: 72
3488 -1 1566 -1 SUP: 71
1290 -1 1290 -1 SUP: 95
1141 -1 1141 -1 SUP: 75
